name: cbircbot_env
channels:
  - conda-forge
  - defaults
dependencies:
  - asttokens=2.0.5=pyhd3eb1b0_0
  - backcall=0.2.0=pyhd3eb1b0_0
  - btrees=5.0=py310h8d17308_0
  - bzip2=1.0.8=he774522_0
  - ca-certificates=2023.5.7=h56e8100_0
  - cffi=1.15.1=py310h628cb3f_3
  - colorama=0.4.6=py310haa95532_0
  - decorator=5.1.1=pyhd3eb1b0_0
  - executing=0.8.3=pyhd3eb1b0_0
  - ipython=8.12.0=py310haa95532_0
  - jedi=0.18.1=py310haa95532_1
  - libffi=3.4.4=hd77b12b_0
  - matplotlib-inline=0.1.6=py310haa95532_0
  - openssl=3.1.1=hcfcfb64_1
  - parso=0.8.3=pyhd3eb1b0_0
  - persistent=5.0=py310h8d17308_0
  - pickleshare=0.7.5=pyhd3eb1b0_1003
  - pip=23.1.2=py310haa95532_0
  - prompt-toolkit=3.0.36=py310haa95532_0
  - pure_eval=0.2.2=pyhd3eb1b0_0
  - pycparser=2.21=pyhd8ed1ab_0
  - pygments=2.15.1=py310haa95532_1
  - python=3.10.12=he1021f5_0
  - python_abi=3.10=2_cp310
  - setuptools=67.8.0=py310haa95532_0
  - six=1.16.0=pyhd3eb1b0_1
  - sqlite=3.41.2=h2bbff1b_0
  - stack_data=0.2.0=pyhd3eb1b0_0
  - tk=8.6.12=h2bbff1b_0
  - traitlets=5.7.1=py310haa95532_0
  - transaction=3.1.0=pyhd8ed1ab_0
  - tzdata=2023c=h04d1e81_0
  - ucrt=10.0.22621.0=h57928b3_0
  - vc=14.2=h21ff451_1
  - vc14_runtime=14.36.32532=hfdfe4a8_17
  - vs2015_runtime=14.36.32532=h05e6639_17
  - wcwidth=0.2.5=pyhd3eb1b0_0
  - wheel=0.38.4=py310haa95532_0
  - xz=5.4.2=h8cc25b3_0
  - zc.lockfile=3.0.post1=pyhd8ed1ab_0
  - zconfig=4.0=pyhd8ed1ab_0
  - zdaemon=4.3=pyhd8ed1ab_1003
  - zeo=5.4.1=pyhd8ed1ab_0
  - zlib=1.2.13=h8cc25b3_0
  - zodb=5.8.0=pyhd8ed1ab_0
  - zodbpickle=3.0.1=py310h8d17308_0
  - zope.interface=6.0=py310h8d17308_0

